16219
16911
18360
18199
18722
18673
18271
17277
18033
18677
17726
16103
16572
18629
18859
18446
18359
18863
16422
17958
17540
17954
18680
17847
15683
18674
16156
18723
18097
18897
16823
18565
17110
18829
19011
15380
17173
19021
16668
18691
18999
18957
18908
18767
16233
18474
18701
18348
15607
18727
18136
16394
18538
17026
18148
18657
18877
18601
18814
16017
18721
18339
18145
12684
18324
18962
18387
18504
18976
18804
18420
18708
18763
18655
16618
16526
17628
18786
18578
18620
18675
18367
18258
18632
18119
17505
18172
17359
18028
17801
18745
18088
17203
17437
18844
18004
18006
18682
18374
17556